    6
   0   A   0   A   3
    3    7    3   -7
    4    7    4   -7
    5    7    5   -7
   1  GM   1  GM   6
   12    7   12   -7
   13    7   13   -7
   14    7   14   -7
   15    7   15   -7
   16    7   16   -7
   17    7   17   -7
   3   H   3   H   6
    3    7    3   -7
    4    7    4   -7
    5    7    5   -7
    6    7    6   -7
    7    7    7   -7
    8    7    8   -7
   4   K   4   K   3
    6    7    6   -7
    7    7    7   -7
    8    7    8   -7
   5   L   5   L   2
    2    7    2   -7
    3    7    3   -7
   6   M   6   M   2
    8    7    8   -7
    9    7    9   -7
