   14    8
 Ind:          1    1    1    1    1    1    1    2
       -GM6    1    0    0    0    0    0    0    0
       -GM7    0    1    0    0    0    0    0    0
       -GM8    1    0    1    0    0    0    0    0
       -GM9    0    1    1    0    0   -2    0   -2
      -GM10    0    2    0   -1   -1    0    0    0
      -GM11    0    2    1   -1    1   -1    0    0
        -R5    1    1    1    0    0   -1    0   -1
        -R6    0    2    1   -1    0   -1    1    0
        -R7    0    2    0   -1    0    0   -1    0
        -M5    1    5    2   -2    0   -2    0   -1
        -X5    1    2    1   -1    0   -1    0    0
        -X6    0    3    1   -1    0   -1    0   -1
        -X7    1    2    1   -1    0    0    0    0
        -X8    0    3    1   -1    0   -2    0   -1
