  222   14   27
        -GM6   2   1   1   1   1   0   1   1   0   1   0   1   0   1   0   1   0   1   1   0   0   0   0   1   1   0   0
        -GM7   2   1   1   1   1   0   1   1   1   0   1   0   1   0   1   0   0   1   1   0   0   0   1   0   0   1   0
        -GM8   2   1   1   1   1   0   1   1   0   1   0   1   1   0   1   0   0   0   0   0   1   1   0   1   1   0   0
        -GM9   2   1   1   1   1   0   1   1   1   0   1   0   0   1   0   1   0   0   0   0   1   1   1   0   0   1   0
       -GM10   4   2   2   2   2   2   1   1   1   1   1   1   1   1   1   1   2   1   1   0   0   0   1   1   0   0   1
       -GM11   4   2   2   2   2   2   1   1   1   1   1   1   1   1   1   1   0   0   0   2   1   1   1   1   0   0   1
         -R5   4   2   2   2   2   0   2   2   1   1   1   1   1   1   1   1   0   1   1   0   1   1   1   1   1   1   0
         -R6   4   2   2   2   2   2   1   1   1   1   1   1   1   1   1   1   1   1   0   1   0   1   1   1   0   0   1
         -R7   4   2   2   2   2   2   1   1   1   1   1   1   1   1   1   1   1   0   1   1   1   0   1   1   0   0   1
         -M5  12   6   6   6   6   4   4   4   3   3   3   3   3   3   3   3   2   2   2   2   2   2   3   3   1   1   2
         -X5   6   3   3   3   3   2   2   2   1   2   1   2   2   1   1   2   1   1   1   1   1   1   1   2   1   0   1
         -X6   6   3   3   3   3   2   2   2   2   1   2   1   1   2   2   1   1   1   1   1   1   1   2   1   0   1   1
         -X7   6   3   3   3   3   2   2   2   1   2   1   2   1   2   2   1   1   1   1   1   1   1   1   2   1   0   1
         -X8   6   3   3   3   3   2   2   2   2   1   2   1   2   1   1   2   1   1   1   1   1   1   2   1   0   1   1

-GM2@48i                      
-GM3@24h                      
-GM4@24h                      
-GM3@24g                      
-GM4@24g                      
-GM4@16f                      
-GM5@16f                      
-GM6@16f                      
-GM5@12e                      
-GM6@12e                      
-GM7@12e                      
-GM8@12e                      
-GM5@12d                      
-GM6@12d                      
-GM7@12d                      
-GM8@12d                      
-GM4@8c                       
-GM5@8c                       
-GM6@8c                       
-GM7@8c                       
-GM8@8c                       
-GM9@8c                       
-GM6@6b                       
-GM7@6b                       
-GM6@2a                       
-GM7@2a                       
-GM8@2a                       
