  222   37   27
        -GM6   2   1   1   1   1   0   1   1   0   1   0   1   0   1   0   1   0   1   1   0   0   0   0   1   1   0   0
        -GM7   2   1   1   1   1   0   1   1   1   0   1   0   1   0   1   0   0   1   1   0   0   0   1   0   0   1   0
        -GM8   2   1   1   1   1   0   1   1   0   1   0   1   1   0   1   0   0   0   0   0   1   1   0   1   1   0   0
        -GM9   2   1   1   1   1   0   1   1   1   0   1   0   0   1   0   1   0   0   0   0   1   1   1   0   0   1   0
       -GM10   4   2   2   2   2   2   1   1   1   1   1   1   1   1   1   1   2   1   1   0   0   0   1   1   0   0   1
       -GM11   4   2   2   2   2   2   1   1   1   1   1   1   1   1   1   1   0   0   0   2   1   1   1   1   0   0   1
         -R5   4   2   2   2   2   0   2   2   1   1   1   1   1   1   1   1   0   1   1   0   1   1   1   1   1   1   0
         -R6   4   2   2   2   2   2   1   1   1   1   1   1   1   1   1   1   1   1   0   1   0   1   1   1   0   0   1
         -R7   4   2   2   2   2   2   1   1   1   1   1   1   1   1   1   1   1   0   1   1   1   0   1   1   0   0   1
         -M5  12   6   6   6   6   4   4   4   3   3   3   3   3   3   3   3   2   2   2   2   2   2   3   3   1   1   2
         -X5   6   3   3   3   3   2   2   2   1   2   1   2   2   1   1   2   1   1   1   1   1   1   1   2   1   0   1
         -X6   6   3   3   3   3   2   2   2   2   1   2   1   1   2   2   1   1   1   1   1   1   1   2   1   0   1   1
         -X7   6   3   3   3   3   2   2   2   1   2   1   2   1   2   2   1   1   1   1   1   1   1   1   2   1   0   1
         -X8   6   3   3   3   3   2   2   2   2   1   2   1   2   1   1   2   1   1   1   1   1   1   2   1   0   1   1
        -DT6  12   6   6   6   6   4   4   4   4   2   4   2   3   3   3   3   2   2   2   2   2   2   4   2   0   2   2
        -DT7  12   6   6   6   6   4   4   4   2   4   2   4   3   3   3   3   2   2   2   2   2   2   2   4   2   0   2
         -T6  12   6   6   6   6   4   4   4   3   3   3   3   3   3   3   3   2   2   2   2   2   2   3   3   1   1   2
         -T7  12   6   6   6   6   4   4   4   3   3   3   3   3   3   3   3   2   2   2   2   2   2   3   3   1   1   2
        -LD4   8   4   4   4   4   4   2   2   2   2   2   2   2   2   2   2   2   1   1   2   1   1   2   2   0   0   2
        -LD5   8   4   4   4   4   4   2   2   2   2   2   2   2   2   2   2   2   1   1   2   1   1   2   2   0   0   2
        -LD6  16   8   8   8   8   4   6   6   4   4   4   4   4   4   4   4   2   3   3   2   3   3   4   4   2   2   2
         -S2  12   6   6   6   6   4   4   4   3   3   3   3   3   3   3   3   2   2   2   2   2   2   3   3   1   1   2
         -S3  12   6   6   6   6   4   4   4   3   3   3   3   3   3   3   3   2   2   2   2   2   2   3   3   1   1   2
         -S4  12   6   6   6   6   4   4   4   3   3   3   3   3   3   3   3   2   2   2   2   2   2   3   3   1   1   2
         -S5  12   6   6   6   6   4   4   4   3   3   3   3   3   3   3   3   2   2   2   2   2   2   3   3   1   1   2
        -SM5  24  12  12  12  12   8   8   8   6   6   6   6   6   6   6   6   4   4   4   4   4   4   6   6   2   2   4
         -Z2  12   6   6   6   6   4   4   4   3   3   3   3   3   3   3   3   2   2   2   2   2   2   3   3   1   1   2
         -Z3  12   6   6   6   6   4   4   4   3   3   3   3   3   3   3   3   2   2   2   2   2   2   3   3   1   1   2
         -Z4  12   6   6   6   6   4   4   4   3   3   3   3   3   3   3   3   2   2   2   2   2   2   3   3   1   1   2
         -Z5  12   6   6   6   6   4   4   4   3   3   3   3   3   3   3   3   2   2   2   2   2   2   3   3   1   1   2
         -A3  24  12  12  12  12   8   8   8   6   6   6   6   6   6   6   6   4   4   4   4   4   4   6   6   2   2   4
         -A4  24  12  12  12  12   8   8   8   6   6   6   6   6   6   6   6   4   4   4   4   4   4   6   6   2   2   4
         -B3  24  12  12  12  12   8   8   8   6   6   6   6   6   6   6   6   4   4   4   4   4   4   6   6   2   2   4
         -B4  24  12  12  12  12   8   8   8   6   6   6   6   6   6   6   6   4   4   4   4   4   4   6   6   2   2   4
         -C3  24  12  12  12  12   8   8   8   6   6   6   6   6   6   6   6   4   4   4   4   4   4   6   6   2   2   4
         -C4  24  12  12  12  12   8   8   8   6   6   6   6   6   6   6   6   4   4   4   4   4   4   6   6   2   2   4
        -GP2  48  24  24  24  24  16  16  16  12  12  12  12  12  12  12  12   8   8   8   8   8   8  12  12   4   4   8
