   22   10
 Ind:          1    1    1    1    1    1    1    1    1    6
        -A4    1    0    0    0    0    0    0    0    0    0
        -A5    0    1    0    0    0    0    0    0    0    0
        -A6    0    2    1    0    0    0    0    0    0    0
       -GM7    1    0    0    1    0    0    0    0    0    0
       -GM8    0    1    0   -1    1    0    0    0    0    0
       -GM9    0    1    0   -1    1   -1    0    0    0    0
      -GM10    0    1    0   -1    0    0    0    0    0    0
      -GM11    0    1    1    1   -1    0    0    0    0    0
      -GM12    0    1    1    1   -1    1    0    0    0    0
        -H4    1    0    0    0    0    0    1   -1    0    0
        -H5    0    1    0    0    0    0    1   -1    0    0
        -H6    1    0    0    0    0    0    0    1   -3    1
        -H7    0    1    0    0    0    0    0    1   -3    1
        -H8    0    2    1    0    0    0   -1    1    0    0
        -H9    0    2    1    0    0    0    0   -1    3   -1
        -K7    1    1    0    0    0    0    1    0   -3    1
        -K8    0    2    1    0    0    1    1    0    0    0
        -K9    0    2    1    0    0   -1   -2    0    3   -1
        -L3    1    2    1    0    0    0    0    0    0    0
        -L4    0    3    1    0    0    0    0    0    0    0
        -M5    1    2    0   -1    2   -1    0    0    2   -1
        -M6    0    3    2    1   -2    1    0    0   -2    1
