    1   22
    6
    1    2    3    4    5    6    7    8    9   10   11   12   13   14   15   16   17   18   19   20   21   22
    2    5    1    3    1    5    0    0    0    0    0    3    0    3    0    1    2    0    0    0    3    0
    1    1    1    4                   -A4
    2    1    1    5                   -A5
    3    1    1    6                   -A6
    4    1    2   13                  -GM7
    5    1    2   14                  -GM8
    6    1    2   15                  -GM9
    7    1    2   16                 -GM10
    8    1    2   17                 -GM11
    9    1    2   18                 -GM12
   10    1    4    4                   -H4
   11    1    4    5                   -H5
   12    1    4    6                   -H6
   13    1    4    7                   -H7
   14    1    4    8                   -H8
   15    1    4    9                   -H9
   16    1    5    7                   -K7
   17    1    5    8                   -K8
   18    1    5    9                   -K9
   19    1    6    3                   -L3
   20    1    6    4                   -L4
   21    1    7    9                   -M5
   22    1    7   10                   -M6
