  194   22   33
         -A4   2   1   1   1   1   2   0   1   1   0   1   0   1   1   0   1   1   0   1   0   0   1   0   0   1   0   0   0   1   0   1   0   0
         -A5   2   1   1   1   1   0   2   1   0   1   0   1   1   1   0   1   1   0   1   0   0   1   0   0   1   0   0   1   0   1   0   0   0
         -A6   4   2   2   2   2   2   2   2   1   1   1   1   0   0   2   0   0   2   0   1   1   0   1   1   0   1   1   0   0   0   0   1   1
        -GM7   2   1   1   1   1   1   1   1   1   1   0   0   1   1   0   1   1   0   1   0   0   1   0   0   1   0   0   1   1   0   0   0   0
        -GM8   2   1   1   1   1   1   1   1   1   1   0   0   0   0   1   0   0   1   0   1   0   0   1   0   0   1   0   0   0   0   0   1   0
        -GM9   2   1   1   1   1   1   1   1   1   1   0   0   0   0   1   0   0   1   0   0   1   0   0   1   0   0   1   0   0   0   0   1   0
       -GM10   2   1   1   1   1   1   1   1   0   0   1   1   1   1   0   1   1   0   1   0   0   1   0   0   1   0   0   0   0   1   1   0   0
       -GM11   2   1   1   1   1   1   1   1   0   0   1   1   0   0   1   0   0   1   0   0   1   0   0   1   0   0   1   0   0   0   0   0   1
       -GM12   2   1   1   1   1   1   1   1   0   0   1   1   0   0   1   0   0   1   0   1   0   0   1   0   0   1   0   0   0   0   0   0   1
         -H4   2   1   1   1   1   2   0   1   1   0   1   0   0   0   1   1   1   0   0   1   0   0   0   1   1   0   0   0   1   0   1   0   0
         -H5   2   1   1   1   1   0   2   1   0   1   0   1   0   0   1   1   1   0   0   1   0   0   0   1   1   0   0   1   0   1   0   0   0
         -H6   2   1   1   1   1   2   0   1   1   0   1   0   0   0   1   1   1   0   0   0   1   0   1   0   1   0   0   0   1   0   1   0   0
         -H7   2   1   1   1   1   0   2   1   0   1   0   1   0   0   1   1   1   0   0   0   1   0   1   0   1   0   0   1   0   1   0   0   0
         -H8   4   2   2   2   2   2   2   2   1   1   1   1   1   1   1   0   0   2   1   0   1   1   1   0   0   1   1   0   0   0   0   1   1
         -H9   4   2   2   2   2   2   2   2   1   1   1   1   1   1   1   0   0   2   1   1   0   1   0   1   0   1   1   0   0   0   0   1   1
         -K7   4   2   2   2   2   2   2   2   1   1   1   1   0   0   2   2   2   0   0   1   1   0   1   1   2   0   0   1   1   1   1   0   0
         -K8   4   2   2   2   2   2   2   2   1   1   1   1   1   1   1   0   0   2   1   0   1   1   0   1   0   2   0   0   0   0   0   1   1
         -K9   4   2   2   2   2   2   2   2   1   1   1   1   1   1   1   0   0   2   1   1   0   1   1   0   0   0   2   0   0   0   0   1   1
         -L3   6   3   3   3   3   4   2   3   2   1   2   1   1   1   2   1   1   2   1   1   1   1   1   1   1   1   1   0   1   0   1   1   1
         -L4   6   3   3   3   3   2   4   3   1   2   1   2   1   1   2   1   1   2   1   1   1   1   1   1   1   1   1   1   0   1   0   1   1
         -M5   6   3   3   3   3   3   3   3   1   1   2   2   1   1   2   1   1   2   1   1   1   1   1   1   1   1   1   1   1   0   0   2   0
         -M6   6   3   3   3   3   3   3   3   2   2   1   1   1   1   2   1   1   2   1   1   1   1   1   1   1   1   1   0   0   1   1   0   2

-GM2@24l                      
-GM3@12k                      
-GM4@12k                      
-GM3@12j                      
-GM4@12j                      
-GM3@12i                      
-GM4@12i                      
-GM5@6h                       
-GM3@6g                       
-GM4@6g                       
-GM5@6g                       
-GM6@6g                       
-GM4@4f                       
-GM5@4f                       
-GM6@4f                       
-GM4@4e                       
-GM5@4e                       
-GM6@4e                       
-GM7@2d                       
-GM8@2d                       
-GM9@2d                       
-GM7@2c                       
-GM8@2c                       
-GM9@2c                       
-GM7@2b                       
-GM8@2b                       
-GM9@2b                       
-GM4@2a                       
-GM5@2a                       
-GM6@2a                       
-GM7@2a                       
-GM8@2a                       
-GM9@2a                       
