  194   45   33
         -A4   2   1   1   1   1   2   0   1   1   0   1   0   1   1   0   1   1   0   1   0   0   1   0   0   1   0   0   0   1   0   1   0   0
         -A5   2   1   1   1   1   0   2   1   0   1   0   1   1   1   0   1   1   0   1   0   0   1   0   0   1   0   0   1   0   1   0   0   0
         -A6   4   2   2   2   2   2   2   2   1   1   1   1   0   0   2   0   0   2   0   1   1   0   1   1   0   1   1   0   0   0   0   1   1
        -GM7   2   1   1   1   1   1   1   1   1   1   0   0   1   1   0   1   1   0   1   0   0   1   0   0   1   0   0   1   1   0   0   0   0
        -GM8   2   1   1   1   1   1   1   1   1   1   0   0   0   0   1   0   0   1   0   1   0   0   1   0   0   1   0   0   0   0   0   1   0
        -GM9   2   1   1   1   1   1   1   1   1   1   0   0   0   0   1   0   0   1   0   0   1   0   0   1   0   0   1   0   0   0   0   1   0
       -GM10   2   1   1   1   1   1   1   1   0   0   1   1   1   1   0   1   1   0   1   0   0   1   0   0   1   0   0   0   0   1   1   0   0
       -GM11   2   1   1   1   1   1   1   1   0   0   1   1   0   0   1   0   0   1   0   0   1   0   0   1   0   0   1   0   0   0   0   0   1
       -GM12   2   1   1   1   1   1   1   1   0   0   1   1   0   0   1   0   0   1   0   1   0   0   1   0   0   1   0   0   0   0   0   0   1
        -DT7   4   2   2   2   2   2   2   2   1   1   1   1   2   2   0   2   2   0   2   0   0   2   0   0   2   0   0   1   1   1   1   0   0
        -DT8   4   2   2   2   2   2   2   2   1   1   1   1   0   0   2   0   0   2   0   1   1   0   1   1   0   1   1   0   0   0   0   1   1
        -DT9   4   2   2   2   2   2   2   2   1   1   1   1   0   0   2   0   0   2   0   1   1   0   1   1   0   1   1   0   0   0   0   1   1
         -H4   2   1   1   1   1   2   0   1   1   0   1   0   0   0   1   1   1   0   0   1   0   0   0   1   1   0   0   0   1   0   1   0   0
         -H5   2   1   1   1   1   0   2   1   0   1   0   1   0   0   1   1   1   0   0   1   0   0   0   1   1   0   0   1   0   1   0   0   0
         -H6   2   1   1   1   1   2   0   1   1   0   1   0   0   0   1   1   1   0   0   0   1   0   1   0   1   0   0   0   1   0   1   0   0
         -H7   2   1   1   1   1   0   2   1   0   1   0   1   0   0   1   1   1   0   0   0   1   0   1   0   1   0   0   1   0   1   0   0   0
         -H8   4   2   2   2   2   2   2   2   1   1   1   1   1   1   1   0   0   2   1   0   1   1   1   0   0   1   1   0   0   0   0   1   1
         -H9   4   2   2   2   2   2   2   2   1   1   1   1   1   1   1   0   0   2   1   1   0   1   0   1   0   1   1   0   0   0   0   1   1
         -K7   4   2   2   2   2   2   2   2   1   1   1   1   0   0   2   2   2   0   0   1   1   0   1   1   2   0   0   1   1   1   1   0   0
         -K8   4   2   2   2   2   2   2   2   1   1   1   1   1   1   1   0   0   2   1   0   1   1   0   1   0   2   0   0   0   0   0   1   1
         -K9   4   2   2   2   2   2   2   2   1   1   1   1   1   1   1   0   0   2   1   1   0   1   1   0   0   0   2   0   0   0   0   1   1
         -L3   6   3   3   3   3   4   2   3   2   1   2   1   1   1   2   1   1   2   1   1   1   1   1   1   1   1   1   0   1   0   1   1   1
         -L4   6   3   3   3   3   2   4   3   1   2   1   2   1   1   2   1   1   2   1   1   1   1   1   1   1   1   1   1   0   1   0   1   1
         -M5   6   3   3   3   3   3   3   3   1   1   2   2   1   1   2   1   1   2   1   1   1   1   1   1   1   1   1   1   1   0   0   2   0
         -M6   6   3   3   3   3   3   3   3   2   2   1   1   1   1   2   1   1   2   1   1   1   1   1   1   1   1   1   0   0   1   1   0   2
         -P4   4   2   2   2   2   2   2   2   1   1   1   1   0   0   2   2   2   0   0   1   1   0   1   1   2   0   0   1   1   1   1   0   0
         -P5   4   2   2   2   2   2   2   2   1   1   1   1   0   0   2   2   2   0   0   1   1   0   1   1   2   0   0   1   1   1   1   0   0
         -P6   8   4   4   4   4   4   4   4   2   2   2   2   2   2   2   0   0   4   2   1   1   2   1   1   0   2   2   0   0   0   0   2   2
        -LD5  12   6   6   6   6   6   6   6   3   3   3   3   2   2   4   2   2   4   2   2   2   2   2   2   2   2   2   1   1   1   1   2   2
         -Q2   6   3   3   3   3   4   2   3   2   1   2   1   1   1   2   1   1   2   1   1   1   1   1   1   1   1   1   0   1   0   1   1   1
         -Q3   6   3   3   3   3   2   4   3   1   2   1   2   1   1   2   1   1   2   1   1   1   1   1   1   1   1   1   1   0   1   0   1   1
         -Q4   6   3   3   3   3   4   2   3   2   1   2   1   1   1   2   1   1   2   1   1   1   1   1   1   1   1   1   0   1   0   1   1   1
         -Q5   6   3   3   3   3   2   4   3   1   2   1   2   1   1   2   1   1   2   1   1   1   1   1   1   1   1   1   1   0   1   0   1   1
         -R5  12   6   6   6   6   6   6   6   3   3   3   3   2   2   4   2   2   4   2   2   2   2   2   2   2   2   2   1   1   1   1   2   2
        -SM5  12   6   6   6   6   6   6   6   3   3   3   3   2   2   4   2   2   4   2   2   2   2   2   2   2   2   2   1   1   1   1   2   2
         -U5  12   6   6   6   6   6   6   6   3   3   3   3   2   2   4   2   2   4   2   2   2   2   2   2   2   2   2   1   1   1   1   2   2
         -B3  12   6   6   6   6   6   6   6   3   3   3   3   2   2   4   2   2   4   2   2   2   2   2   2   2   2   2   1   1   1   1   2   2
         -B4  12   6   6   6   6   6   6   6   3   3   3   3   2   2   4   2   2   4   2   2   2   2   2   2   2   2   2   1   1   1   1   2   2
         -C3  12   6   6   6   6   6   6   6   3   3   3   3   2   2   4   2   2   4   2   2   2   2   2   2   2   2   2   1   1   1   1   2   2
         -C4  12   6   6   6   6   6   6   6   3   3   3   3   2   2   4   2   2   4   2   2   2   2   2   2   2   2   2   1   1   1   1   2   2
         -D3  12   6   6   6   6   6   6   6   3   3   3   3   2   2   4   2   2   4   2   2   2   2   2   2   2   2   2   1   1   1   1   2   2
         -D4  12   6   6   6   6   6   6   6   3   3   3   3   2   2   4   2   2   4   2   2   2   2   2   2   2   2   2   1   1   1   1   2   2
         -E3  12   6   6   6   6   6   6   6   3   3   3   3   2   2   4   2   2   4   2   2   2   2   2   2   2   2   2   1   1   1   1   2   2
         -E4  12   6   6   6   6   6   6   6   3   3   3   3   2   2   4   2   2   4   2   2   2   2   2   2   2   2   2   1   1   1   1   2   2
        -GP2  24  12  12  12  12  12  12  12   6   6   6   6   4   4   8   4   4   8   4   4   4   4   4   4   4   4   4   2   2   2   2   4   4
