  194  263  194    6
     1    6    3    3    1   A (  0.00  0.00  0.50 ) (  0.00  0.00  0.50 )     1    6    3    3    1   A (  0.00  0.00  0.50 )    -1    -1    -1
     2   18   12    6    1  GM (  0.00  0.00  0.00 ) (  0.00  0.00  0.00 )     2   18   12    6    1  GM (  0.00  0.00  0.00 )    -1    -1    -1
     4    9    3    6    1   H (  0.33  0.33  0.50 ) (  0.33  0.33  0.50 )     4    9    3    6    1   H (  0.33  0.33  0.50 )    -1    -1    -1
     5    9    6    3    1   K (  0.33  0.33  0.00 ) (  0.33  0.33  0.00 )     5    9    6    3    1   K (  0.33  0.33  0.00 )    -1    -1    -1
     6    4    2    2    1   L (  0.50  0.00  0.50 ) (  0.50  0.00  0.50 )     6    4    2    2    1   L (  0.50  0.00  0.50 )    -1    -1    -1
     7   10    8    2    1   M (  0.50  0.00  0.00 ) (  0.50  0.00  0.00 )     7   10    8    2    1   M (  0.50  0.00  0.00 )    -1    -1    -1
  194  264  194    6
     1    6    3    3    1   A (  0.00  0.00  0.50 ) (  0.00  0.00  0.50 )     1    6    3    3    1   A (  0.00  0.00  0.50 )    -1    -1    -1
     2   18   12    6    1  GM (  0.00  0.00  0.00 ) (  0.00  0.00  0.00 )     2   18   12    6    1  GM (  0.00  0.00  0.00 )    -1    -1    -1
     4    9    3    6    1   H (  0.33  0.33  0.50 ) (  0.33  0.33  0.50 )     4    9    3    6    1   H (  0.33  0.33  0.50 )    -1    -1    -1
     5    9    6    3    1   K (  0.33  0.33  0.00 ) (  0.33  0.33  0.00 )     5    9    6    3    1   K (  0.33  0.33  0.00 )    -1    -1    -1
     6    4    2    2    1   L (  0.50  0.00  0.50 ) (  0.50  0.00  0.50 )     6    4    2    2    1   L (  0.50  0.00  0.50 )    -1    -1    -1
     7   10    8    2    1   M (  0.50  0.00  0.00 ) (  0.50  0.00  0.00 )     7   10    8    2    1   M (  0.50  0.00  0.00 )    -1    -1    -1
  194  272  194    6
     1    6    3    3    1   A (  0.00  0.00  0.50 ) (  0.00  0.00  0.50 )     1    6    3    3    1   A (  0.00  0.00  0.50 )    -1    -1    -1
     2   18   12    6    1  GM (  0.00  0.00  0.00 ) (  0.00  0.00  0.00 )     2   18   12    6    1  GM (  0.00  0.00  0.00 )    -1    -1    -1
     4    9    3    6    1   H (  0.33  0.33  0.50 ) (  0.33  0.33  0.50 )     4    9    3    6    1   H (  0.33  0.33  0.50 )    -1    -1    -1
     5    9    6    3    1   K (  0.33  0.33  0.00 ) (  0.33  0.33  0.00 )     5    9    6    3    1   K (  0.33  0.33  0.00 )    -1    -1    -1
     6    4    2    2    1   L (  0.50  0.00  0.50 ) (  0.50  0.00  0.50 )     6    4    2    2    1   L (  0.50  0.00  0.50 )    -1    -1    -1
     7   10    8    2    1   M (  0.50  0.00  0.00 ) (  0.50  0.00  0.00 )     7   10    8    2    1   M (  0.50  0.00  0.00 )    -1    -1    -1
