    1   14
    2
    1    2    3    4    5    6    7    8    9   10   11   12   13   14
    0    1    1    0    1    1    0    0    0    0    0    1    1    0
    1    1    1   11                  -GM6
    2    1    1   12                  -GM7
    3    1    1   13                  -GM8
    4    1    1   14                  -GM9
    5    1    1   15                 -GM10
    6    1    1   16                 -GM11
    7    1    2    5                   -R5
    8    1    2    6                   -R6
    9    1    2    7                   -R7
   10    1    3    5                   -M5
   11    1    4    5                   -X5
   12    1    4    6                   -X6
   13    1    4    7                   -X7
   14    1    4    8                   -X8
